1023
95 95 95
95.0606 95.0606 95.0606
95.2781 95.2781 95.2781
95.6777 95.6777 95.6777
96.2731 96.2731 96.2731
97.0737 97.0737 97.0737
98.085 98.085 98.085
99.31 99.31 99.31
100.75 100.75 100.75
102.403 102.403 102.403
104.267 104.267 104.267
106.337 106.337 106.337
108.608 108.608 108.608
111.072 111.072 111.072
113.723 113.723 113.723
116.55 116.55 116.55
119.546 119.546 119.546
122.7 122.7 122.7
126.001 126.001 126.001
129.44 129.44 129.44
133.006 133.006 133.006
136.689 136.689 136.689
140.478 140.478 140.478
144.363 144.363 144.363
148.335 148.335 148.335
152.384 152.384 152.384
156.501 156.501 156.501
160.678 160.678 160.678
164.905 164.905 164.905
169.177 169.177 169.177
173.484 173.484 173.484
177.821 177.821 177.821
182.181 182.181 182.181
186.559 186.559 186.559
190.949 190.949 190.949
195.345 195.345 195.345
199.744 199.744 199.744
204.141 204.141 204.141
208.532 208.532 208.532
212.914 212.914 212.914
217.284 217.284 217.284
221.639 221.639 221.639
225.975 225.975 225.975
230.292 230.292 230.292
234.587 234.587 234.587
238.858 238.858 238.858
243.103 243.103 243.103
247.321 247.321 247.321
251.51 251.51 251.51
255.671 255.671 255.671
259.801 259.801 259.801
263.9 263.9 263.9
267.967 267.967 267.967
272.001 272.001 272.001
276.003 276.003 276.003
279.971 279.971 279.971
283.905 283.905 283.905
287.806 287.806 287.806
291.673 291.673 291.673
295.506 295.506 295.506
299.304 299.304 299.304
303.069 303.069 303.069
306.799 306.799 306.799
310.495 310.495 310.495
314.158 314.158 314.158
317.787 317.787 317.787
321.382 321.382 321.382
324.944 324.944 324.944
328.474 328.474 328.474
331.97 331.97 331.97
335.434 335.434 335.434
338.866 338.866 338.866
342.266 342.266 342.266
345.635 345.635 345.635
348.972 348.972 348.972
352.279 352.279 352.279
355.555 355.555 355.555
358.801 358.801 358.801
362.017 362.017 362.017
365.204 365.204 365.204
368.362 368.362 368.362
371.491 371.491 371.491
374.592 374.592 374.592
377.664 377.664 377.664
380.71 380.71 380.71
383.728 383.728 383.728
386.719 386.719 386.719
389.683 389.683 389.683
392.622 392.622 392.622
395.534 395.534 395.534
398.422 398.422 398.422
401.284 401.284 401.284
404.121 404.121 404.121
406.934 406.934 406.934
409.723 409.723 409.723
412.488 412.488 412.488
415.23 415.23 415.23
417.948 417.948 417.948
420.644 420.644 420.644
423.318 423.318 423.318
425.969 425.969 425.969
428.599 428.599 428.599
431.207 431.207 431.207
433.793 433.793 433.793
436.359 436.359 436.359
438.904 438.904 438.904
441.429 441.429 441.429
443.934 443.934 443.934
446.419 446.419 446.419
448.884 448.884 448.884
451.33 451.33 451.33
453.758 453.758 453.758
456.166 456.166 456.166
458.556 458.556 458.556
460.928 460.928 460.928
463.282 463.282 463.282
465.618 465.618 465.618
467.936 467.936 467.936
470.238 470.238 470.238
472.522 472.522 472.522
474.789 474.789 474.789
477.04 477.04 477.04
479.275 479.275 479.275
481.493 481.493 481.493
483.696 483.696 483.696
485.882 485.882 485.882
488.054 488.054 488.054
490.209 490.209 490.209
492.35 492.35 492.35
494.476 494.476 494.476
496.587 496.587 496.587
498.684 498.684 498.684
500.766 500.766 500.766
502.834 502.834 502.834
504.888 504.888 504.888
506.928 506.928 506.928
508.954 508.954 508.954
510.967 510.967 510.967
512.967 512.967 512.967
514.954 514.954 514.954
516.927 516.927 516.927
518.888 518.888 518.888
520.836 520.836 520.836
522.771 522.771 522.771
524.694 524.694 524.694
526.605 526.605 526.605
528.504 528.504 528.504
530.391 530.391 530.391
532.266 532.266 532.266
534.129 534.129 534.129
535.981 535.981 535.981
537.822 537.822 537.822
539.651 539.651 539.651
541.469 541.469 541.469
543.276 543.276 543.276
545.072 545.072 545.072
546.858 546.858 546.858
548.632 548.632 548.632
550.397 550.397 550.397
552.151 552.151 552.151
553.894 553.894 553.894
555.628 555.628 555.628
557.351 557.351 557.351
559.065 559.065 559.065
560.768 560.768 560.768
562.462 562.462 562.462
564.147 564.147 564.147
565.822 565.822 565.822
567.487 567.487 567.487
569.143 569.143 569.143
570.79 570.79 570.79
572.428 572.428 572.428
574.057 574.057 574.057
575.677 575.677 575.677
577.288 577.288 577.288
578.89 578.89 578.89
580.484 580.484 580.484
582.069 582.069 582.069
583.645 583.645 583.645
585.214 585.214 585.214
586.774 586.774 586.774
588.325 588.325 588.325
589.869 589.869 589.869
591.405 591.405 591.405
592.932 592.932 592.932
594.452 594.452 594.452
595.964 595.964 595.964
597.468 597.468 597.468
598.965 598.965 598.965
600.454 600.454 600.454
601.935 601.935 601.935
603.409 603.409 603.409
604.876 604.876 604.876
606.336 606.336 606.336
607.788 607.788 607.788
609.233 609.233 609.233
610.671 610.671 610.671
612.102 612.102 612.102
613.526 613.526 613.526
614.943 614.943 614.943
616.354 616.354 616.354
617.757 617.757 617.757
619.154 619.154 619.154
620.544 620.544 620.544
621.928 621.928 621.928
623.305 623.305 623.305
624.676 624.676 624.676
626.04 626.04 626.04
627.398 627.398 627.398
628.75 628.75 628.75
630.096 630.096 630.096
631.435 631.435 631.435
632.768 632.768 632.768
634.096 634.096 634.096
635.417 635.417 635.417
636.732 636.732 636.732
638.042 638.042 638.042
639.345 639.345 639.345
640.643 640.643 640.643
641.935 641.935 641.935
643.221 643.221 643.221
644.502 644.502 644.502
645.777 645.777 645.777
647.047 647.047 647.047
648.311 648.311 648.311
649.569 649.569 649.569
650.822 650.822 650.822
652.07 652.07 652.07
653.313 653.313 653.313
654.55 654.55 654.55
655.782 655.782 655.782
657.009 657.009 657.009
658.23 658.23 658.23
659.447 659.447 659.447
660.658 660.658 660.658
661.865 661.865 661.865
663.066 663.066 663.066
664.263 664.263 664.263
665.455 665.455 665.455
666.641 666.641 666.641
667.823 667.823 667.823
669.001 669.001 669.001
670.173 670.173 670.173
671.341 671.341 671.341
672.504 672.504 672.504
673.662 673.662 673.662
674.816 674.816 674.816
675.966 675.966 675.966
677.11 677.11 677.11
678.251 678.251 678.251
679.387 679.387 679.387
680.518 680.518 680.518
681.645 681.645 681.645
682.768 682.768 682.768
683.886 683.886 683.886
685 685 685
